$ANSIBLE_VAULT;1.1;AES256
32343838613962623532386538353466366536626361376461616136346233626261623435313932
3031326138376261643030633065616537343139666264630a333232313965333262623331336362
62643336323838663666636139333062303937386530393432656435626464316466616162393836
6162316138303731370a373633383064383063383531643264613339326634383634323861376664
65646666363864333965653632316562313130396435396562633365316534303931366231633334
63313631646136383437323535336461336637616133353836373161636265646533386234353566
64636135313438383630636238353231386131323237336161356633643533313466353533616638
37633939653038303037313635633037643834643061643039623333656134303563373535343263
64396163356535663936303330323435643731333263633633303936353932623331653561653332
35333634323765393031323833363936336263386331663130313562326631636230616434376562
34336561343934633432383532333962316333306438353330376466386533363935363061303666
64313330333735623061303034613131306632363532343739303866366433336332646432323430
61316235313130326463633532666466613232633136656239646533346663376232373136653038
31343231623632623034393363313766373334376439666236356464616530306637616664386235
63613764393163303833363933356161343337303866653431653262623131613265313063393966
32666336623235613764666265306464386134363638396438333063303138343561383664333766
35613238653566616530623237303164623962303934623736623632386536343338633436316364
34343765323337383536396137383465623061376532383261653437373262386665396631663539
36393735616436343736623239313330343332336130663837653433636535613230663831393336
65363334393339616337333663343330303132363330636431646135323437326337646362383065
36303133636163303134306636666134383361353461353261386439323433373131333130636433
66316336313439623661336364666363346339303731626331613930343234616233323532303530
36346239366631326265313733663439316631366266663939373436613230313139653332653338
39376231646333343933
